n r m [c=0, c=1, c=2, c=3 ...]


1 1 1 [0, 1]



2 1 2 [0, 0, 1]
2 2 1 [0, 1]



3 1 3 [0, 0, 0, 1]
3 2 2 [0, 3]
3 2 3 [0, 1]
3 3 1 [0, 1]



4 1 4 [0, 0, 0, 0, 1]

4 2 2 [0, 0, 3]
4 2 3 [0, 10, 6]
4 2 4 [0, 8, 7]
4 2 5 [0, 2, 4]
4 2 6 [0, 0, 1]

4 3 2 [0, 6]
4 3 3 [0, 4]
4 3 4 [0, 1]

4 4 1 [0, 1]



5 1 5 [0, 0, 0, 0, 0, 1]

5 2 3 [0, 0, 30]
5 2 4 [0, 45, 90]
5 2 5 [0, 77, 145]
5 2 6 [0, 62, 143]
5 2 7 [0, 29, 91]
5 2 8 [0, 8, 37]
5 2 9 [0, 1, 9]
5 2 10 [0, 0, 1]

5 3 2 [0, 15]
5 3 3 [0, 100]
5 3 4 [0, 205]
5 3 5 [0, 252]
5 3 6 [0, 210]
5 3 7 [0, 120]
5 3 8 [0, 45]
5 3 9 [0, 10]
5 3 10 [0, 1]

5 4 2 [0, 10]
5 4 3 [0, 10]
5 4 4 [0, 5]
5 4 5 [0, 1]

5 5 1 [0, 1]



6 1 6 [0, 0, 0, 0, 0, 0, 1]

6 2 3 [0, 0, 0, 15]
6 2 4 [0, 0, 240, 90]
6 2 5 [0, 276, 1000, 305]
6 2 6 [0, 842, 2218, 700]
6 2 7 [0, 1294, 3248, 1173]
6 2 8 [0, 1272, 3411, 1482]
6 2 9 [0, 857, 2657, 1431]
6 2 10 [0, 398, 1543, 1056]
6 2 11 [0, 123, 654, 588]
6 2 12 [0, 23, 192, 240]
6 2 13 [0, 2, 35, 68]
6 2 14 [0, 0, 3, 12]
6 2 15 [0, 0, 0, 1]

6 3 2 [0, 0, 10]
6 3 3 [0, 390, 90]
6 3 4 [0, 3075, 525]
6 3 5 [0, 11832, 2160]
6 3 6 [0, 30828, 6672]
6 3 7 [0, 60756, 16044]
6 3 8 [0, 94962, 30738]
6 3 9 [0, 120284, 47616]
6 3 10 [0, 124578, 60172]
6 3 11 [0, 105668, 62292]
6 3 12 [0, 73136, 52834]
6 3 13 [0, 40952, 36568]
6 3 14 [0, 18284, 20476]
6 3 15 [0, 6362, 9142]
6 3 16 [0, 1664, 3181]
6 3 17 [0, 308, 832]
6 3 18 [0, 36, 154]
6 3 19 [0, 2, 18]
6 3 20 [0, 0, 1]

6 4 2 [0, 45]
6 4 3 [0, 395]
6 4 4 [0, 1335]
6 4 5 [0, 2997]
6 4 6 [0, 5005]
6 4 7 [0, 6435]
6 4 8 [0, 6435]
6 4 9 [0, 5005]
6 4 10 [0, 3003]
6 4 11 [0, 1365]
6 4 12 [0, 455]
6 4 13 [0, 105]
6 4 14 [0, 15]
6 4 15 [0, 1]

6 5 2 [0, 15]
6 5 3 [0, 20]
6 5 4 [0, 15]
6 5 5 [0, 6]
6 5 6 [0, 1]

6 6 1 [0, 1]

