0 1
1 2
2 3
3 5
4 8
5 12
6 20
7 36
8 57
9 89
10 152
11 279
12 533
13 1041
14 1684
15 2692
16 4708
17 8740
18 16804
19 32932
20 65188
21 129700
22 258724
23 516772
24 966233
25 1474137
26 2489945
27 4521561
28 8584793
29 16711257
30 32964185
31 65470041
32 130481753
33 260505177
34 520552025
35 1040645721
36 2080833113
37 4161207897
38 8321957465
39 16643456601
40 33286454873
41 66572451417
42 133144444505
43 266288430681
44 467764426660
45 725462464420
46 1240858539940
47 2271650690980
48 4333234993060
49 8456403597220
50 16702740805540
51 33195415222180
52 66180764055460
53 132151461722020
54 264092857055140
55 527975647721380
56 1055741229053860
57 2111272391718820
58 4222334717048740
59 8444459367708580
60 16888708669028260
61 33777207271667620
62 67554204476946340
63 135108198887503780
64 270216187708618660
65 540432165350848420
66 1080864120635307940
67 2161728031204226980
68 4323455852342065060
69 8646911494617741220
70 17293822779169093540
71 34587645348271798180
72 69175290486477207460
73 138350580762888026020
74 276701161315709663140
75 553402322421352937380
76 1106804644632639485860
77 2213609289055212582820
78 4427218577900358776740
79 8854437155590651164580
80 17708874310971235940260
81 35417748621732405491620
82 70835497243254744594340
83 110241018506081208979545
84 176354149266256241971289
85 308580410786606307954777
86 573032933827306439921753
87 1101937979908706703855705
88 2159748072071507231723609
89 4275368256397108287459417
90 8506608625048310398931033
91 16969089362350714621874265
92 33894050836955523067760729
93 67743973786165139959533657
94 135443819684584373743079513
95 270843511481422841310171225
96 541642895075099776444354649
97 1083241662262453646712721497
98 2166439196637161387249455193
99 4332834265386576868322922585
100 8665624402885407830469857369
101 17331204677883069754763726937
102 34662365227878393603351466073
103 69324686327869041300526944345
104 138649328527850336694877900889
105 277298612927812927483579813977
106 554597181727738109060983640153
107 1109194319327588472215791292505
108 2218388594527289198525406597209
109 4436777144926690651144637206617
110 8873554245725493556383098425433
111 17747108447323099366860020863065
112 35494216850518310987813865738329
113 70988433656908734229721555488857
114 141976867269689580713536934989913
115 283953734495251273681167693992025
116 567907468946374659616429211996249
117 1135814937848621431486952248004697
118 2271629875653114975227998320021593
119 4543259751262102062710090464055385
120 9086519502480076237674274752122969
121 18173039004916024587602643328258137
122 36346078009787921287459380480528473
123 72692156019531714687172854785069145
124 145384312039019301486599803394150489
125 290768624077994475085453700612313177
126 581537248155944822283161495048638553
127 1163074496311845516678577083921289305
128 2326148992623646905469408261666590809
129 4652297985247249683051070617157193817
130 9304595970494455238214395328138399833
131 18609191940988866348541044750100811865
132 37218383881977688569194343594025635929
133 74436767763955333010500941281875284057
134 148873535527910621893114136657574580313
135 297747071055821199658340527408973172825
136 595494142111642355188793308911770357849
137 1190988284223284666249698871917364727897
138 2381976568446569288371509997928553467993
139 4763953136893138532615132249950930948185
140 9527906273786277021102376753995685908569
141 19055812547572553998076865762085195829337
142 38111625095145107952025843778264215670873
143 76223250190290215859923799810622255353945
144 152446500380580431675719711875338334720089
145 304893000761160863307311536004770493452377
146 609786001522321726570495184263634810916953
147 1219572003044643453096862480781363445846105
148 2439144006089286906149597073816820715704409
149 4878288012178573812255066259887735255421017
150 9756576024357147624466004632029564334854233
151 19513152048714295248887881376313222493720665
152 39026304097428590497731634864880538811453529
153 78052608194857180995419141842015171446919257
154 156105216389714361990794155796284436717850713
155 312210432779428723981544183704822967259713625
156 624420865558857447963044239521900028343439449
157 1248841731117714895926044351156054150510891097
158 2497683462235429791852044574424362394845794393
159 4088142015974236271147132399668091635026911140
160 6229013555033176092734561353842334339601031076
161 10510756633151055735909419262190819748749270948
162 19074242789386815022259135078887790567045750692
163 36201215101858333594958566712281732203638710180
164 70455159726801370740357429979069615476824629156
165 138963048976687445031155156512645382023196467108
166 275978827476459593612750609579796915115940143012
167 550010384476003890775941515714099981301427494820
168 1098073498475092485102323327982706113672402198436
169 2194199726473269673755086952519918378414351605668
170 4386452182469624051060614201594342907898250420132
171 8770957094462332805671668699743191966866048049060
172 17539966918447750314893777696040890084801643306916
173 35077986566418585333337995688636286320672833822628
174 70154025862360255370226431673827078792415214854052
175 140306104454243595444003303644208663735899976916900
176 280610261638010275591557047584971833622869501042596
177 561218576005543635886664535466498173396808549293988
178 1122435204740610356476879511229550852944686645796772
179 2244868462210743797657309462755656212040442838802340
180 4489734977151010680018169365807866930231955224813476
181 8979468007031544444739889171912288366614979996835748
182 17958934066792611974183328784121131239381029540880292
183 35917866186314747033070208008538816984913128628969380
184 71835730425359017150843966457374188475977326805147556
185 143671458903447557386391483355044931458105723157503908
186 287342915859624637857486517150386417422362515862216612
187 574685829771978798799676584741069389350876101271642020
188 1149371657596687120684056719922435333207903272090492836
189 2298743313246103764452816990285167220921957613728194468
190 4597486624544937051990337531010630996350066297003597732
191 9194973247142603627065378612461558547206283663554404260
192 18389946492337936777215460775363413648918718396656017316
193 36779892982728603077515625101167123852343587862859243428
194 73559785963509935678115953752774544259193326795265695652
195 147119571925072600879316611055989385072892804660078600100
196 294239143848197931281717925662419066700291760389704408996
197 588478287694448592086520554875278429955089671848956026788
198 1176956575386949913696125813300997156464685494767459262372
199 2353913150771952556915336330152434609483877140604465733540
200 4707826301541957843353757363855309515522260432278478675876